rect blue 468.0 576.0 18 18 90.0
rect blue 360.0 576.0 18 18 90.0
rect blue 360.0 594.0 18 18 90.0
rect blue 648.0 342.0 18 18 90.0
rect blue 414.0 540.0 18 18 0.0
rect blue 468.0 594.0 18 18 90.0
rect blue 414.0 144.0 18 18 0.0
rect blue 468.0 126.0 18 18 90.0
rect blue 360.0 126.0 18 18 90.0
rect blue 450.0 144.0 18 18 0.0
rect blue 648.0 378.0 18 18 90.0
rect blue 360.0 108.0 18 18 90.0
line blue 306.0 144.0 200.0 250.0 149.0 225.0 294.0 132.0 188.0 238.0
rect blue 180.0 396.0 18 18 90.0
rect blue 648.0 360.0 18 18 90.0
rect blue 648.0 288.0 18 18 90.0
rect blue 432.0 144.0 18 18 0.0
line blue 640.0 478.0 547.0 572.0 132.0 225.30639162227072 628.0 466.0 535.0 560.0
rect blue 396.0 540.0 18 18 0.0
rect blue 378.0 144.0 18 18 0.0
rect blue 180.0 378.0 18 18 90.0
rect blue 648.0 414.0 18 18 90.0
rect blue 180.0 288.0 18 18 90.0
rect blue 180.0 342.0 18 18 90.0
rect blue 180.0 360.0 18 18 90.0
rect blue 180.0 306.0 18 18 90.0
rect blue 180.0 324.0 18 18 90.0
rect blue 396.0 144.0 18 18 0.0
rect blue 360.0 90.0 18 18 90.0
rect blue 378.0 540.0 18 18 0.0
rect blue 468.0 108.0 18 18 90.0
rect blue 450.0 540.0 18 18 0.0
rect blue 648.0 396.0 18 18 90.0
rect blue 360.0 558.0 18 18 90.0
rect blue 648.0 324.0 18 18 90.0
rect blue 432.0 540.0 18 18 0.0
rect blue 180.0 414.0 18 18 90.0
rect blue 468.0 90.0 18 18 90.0
line blue 198.0 467.0 292.0 561.0 132.0 -45.0 186.0 479.0 280.0 573.0
line blue 554.0 130.0 661.0 237.0 151.0 -45.0 542.0 142.0 649.0 249.0
rect blue 648.0 306.0 18 18 90.0
rect blue 468.0 558.0 18 18 90.0
end 397 129 50 10
start 422 580
